,index,delta_d,delta_t,avg_elevation,pace,d_cumsum,t_cumsum,avg_pace
0,1,9.962502407902601,4.0,9.850000000000001,6.691759152176903,9.962502407902601,4.0,6.691759152176903
1,2,9.22956129265048,3.0,9.8,5.417375584234444,19.19206370055308,7.0,6.0789015963564434
2,3,11.940680838604036,4.0,9.850000000000001,5.583154559422974,31.132744539157116,11.0,5.888762331979643
3,4,11.177774317377363,3.0,10.05,4.473162418592423,42.31051885653448,14.0,5.514783076154527
4,5,11.713736691393603,3.0,10.35,4.268492737824332,54.02425554792808,17.0,5.2445578464653115
5,6,10.331045169824396,3.0,10.75,4.839781375271045,64.35530071775247,20.0,5.179578521359982
6,7,13.152323437780323,3.0,11.25,3.801609672734626,77.5076241555328,23.0,4.945750015045062
7,8,11.85177839794866,3.0,11.85,4.218776146595362,89.35940255348146,26.0,4.8493311386452485
8,9,9.059389287063691,2.0,12.45,3.6794238857724655,98.41879184054515,28.0,4.74164189520579
9,10,12.056455204181544,3.0,13.0,4.147155955314169,110.4752470447267,31.0,4.676764076006007
10,11,9.946097527851391,3.0,13.55,5.027097297205095,120.42134457257809,34.0,4.705699547517807
11,12,9.778850469592136,3.0,14.15,5.113075422870787,130.20019504217024,37.0,4.73629602833495
12,13,11.841196869016969,4.0,14.75,5.630061505108747,142.0413919111872,41.0,4.8108042602158845
13,14,9.751305341839815,3.0,15.2,5.127518649781745,151.792697253027,44.0,4.83115028986488
14,15,11.6752134373722,3.0,15.45,4.28257695400674,163.4679106903992,47.0,4.791970057150428
15,16,10.39065565977126,3.0,15.55,4.812015876301371,173.85856635017046,50.0,4.79316809535233
16,17,11.707945489690475,4.0,15.55,5.694138798764525,185.56651183986094,54.0,4.8500130280870755
17,18,11.873728647240066,3.0,15.45,4.210977148414287,197.440240487101,57.0,4.811582469998383
18,19,10.845075438960142,3.0,15.25,4.610387477838896,208.28531592606114,60.0,4.801106576111148
19,20,9.63215404249728,3.0,15.05,5.19094688263901,217.91746996855844,63.0,4.818337878791893
20,21,9.23714653003146,3.0,14.95,5.412927015658126,227.1546164985899,66.0,4.842516594888699
21,22,9.763903801547613,3.0,14.9,5.120902562771545,236.91852030013752,69.0,4.853989458245542
22,23,9.05415834347667,4.0,14.8,7.363099267498297,245.9726786436142,73.0,4.946348811485178
23,24,0.0,0.0,14.6,,245.9726786436142,73.0,4.946348811485178
24,25,9.66243093209928,6.0,13.899999999999999,10.349362464035103,255.63510957571347,79.0,5.150570548982823
25,26,11.590261569092027,4.0,13.3,5.751955317768492,267.2253711448055,83.0,5.1766541754889195
26,27,13.825940414186777,3.0,12.65,3.61639053128676,281.05131155899227,86.0,5.099899108752171
27,28,12.774697596744975,2.0,12.05,2.6093246498317697,293.82600915573727,88.0,4.991616197901957
28,29,25.070577115441196,2.0,11.600000000000001,1.3295798170040143,318.8965862711785,90.0,4.703719213615076
29,30,9.327048158735321,2.0,11.05,3.573835233402835,328.2236344299138,92.0,4.671611585791362
30,31,9.474770413456303,3.0,10.3,5.277172724838668,337.6984048433701,95.0,4.688601754182726
31,32,13.472469870450837,3.0,9.45,3.7112719850771376,351.1708747138209,98.0,4.651107056256823
32,33,13.00464332633059,3.0,8.5,3.844780571472088,364.17551804015153,101.0,4.622313280124833
33,34,9.685703497809865,2.0,7.5,3.441498425062328,373.8612215379614,103.0,4.591721654374251
34,35,12.822531005999371,3.0,6.75,3.8993861646040187,386.6837525439608,106.0,4.5687636344788505
35,36,10.553591979884894,2.0,6.25,3.158482287060798,397.2373445238457,108.0,4.531296024439988
36,37,11.483306529312664,3.0,5.85,4.354146592914537,408.72065105315835,111.0,4.526318881204239
37,38,10.052017558551668,5.0,5.65,8.29020968655573,418.77266861171,116.0,4.616665504323871
38,39,11.75879104556949,3.0,5.6,4.252137809595583,430.53145965727947,119.0,4.606709425862044
39,40,12.747361271508069,2.0,5.6,2.614920266505466,443.2788209287875,121.0,4.5494315799731
40,41,11.012279605789209,2.0,5.6,3.026923990906464,454.29110053457674,123.0,4.51252511349597
41,42,14.365033287519747,3.0,5.65,3.480674148067564,468.6561338220965,126.0,4.480897290031346
42,43,10.874319565234837,2.0,5.800000000000001,3.065325893116098,479.5304533873313,128.0,4.448796355400968
43,44,9.257979448836801,2.0,6.050000000000001,3.6004976590784534,488.7884328361681,130.0,4.432729011393952
44,45,10.07213300269839,3.0,6.35,4.964191793992859,498.8605658388665,133.0,4.44345939218346
45,46,13.02539641079724,3.0,6.5,3.838654765128923,511.8859622496637,136.0,4.428069597191139
46,47,13.103528242708203,3.0,6.55,3.815766187082002,524.9894904923719,139.0,4.412786748347923
47,48,10.031309020318826,3.0,6.65,4.984394349603123,535.0207995126908,142.0,4.423504037267861
48,49,12.561527332717201,3.0,6.75,3.980407690533953,547.582326845408,145.0,4.4133394161731845
49,50,10.483277555397445,3.0,6.85,4.76950073445846,558.0656044008055,148.0,4.420029916223066
50,51,9.21519772915055,3.0,6.95,5.425819550440505,567.280802129956,151.0,4.436368474338277
51,52,12.695270864185435,3.0,7.1,3.938474455165407,579.9760729941414,154.0,4.425469922261075
52,53,10.541977841151057,3.0,7.300000000000001,4.742942999256068,590.5180508352925,157.0,4.4311374782961686
53,54,10.686777123316878,4.0,7.45,6.238238703529281,601.2048279586094,161.0,4.463259788589173
54,55,13.274556791540444,3.0,7.6,3.766604097235381,614.4793847501498,164.0,4.448209982576908
55,56,13.468864793804187,3.0,7.85,3.712265344218208,627.948249543954,167.0,4.432424702759699
56,57,13.207620293850859,3.0,8.2,3.7856933260928742,641.1558698378049,170.0,4.419102228682847
57,58,9.163380437945978,2.0,8.55,3.63766773180108,650.3192502757508,172.0,4.408091357361991
58,59,11.379049458105763,3.0,8.8,4.394040133500163,661.6982997338566,175.0,4.4078497222069135
59,60,11.259464791604817,3.0,8.9,4.440708410694668,672.9577645254615,178.0,4.408399491101232
60,61,11.761227119954706,3.0,8.8,4.251257074626798,684.7189916454162,181.0,4.4057002996476795
61,62,11.435650926888227,3.0,8.6,4.372291557311953,696.1546425723044,184.0,4.405151498143109
62,63,12.503544330194751,4.0,8.25,5.331821514454396,708.6581869024991,188.0,4.421501636817235
63,64,10.436420091908714,3.0,7.75,4.790914850080122,719.0946069944079,191.0,4.42686303355643
64,65,11.512028780842222,3.0,7.25,4.343283095609321,730.6066357752501,194.0,4.425546080487523
65,66,10.804381553492787,3.0,6.75,4.627752153369319,741.4110173287429,197.0,4.428492774713513
66,67,11.681714220782505,3.0,6.15,4.28019373312924,753.0927315495254,200.0,4.4261924112251565
67,68,11.156654496771823,3.0,5.55,4.481630224765632,764.2493860462972,203.0,4.42700170272479
68,69,10.50961808594742,3.0,5.0,4.7575468100839755,774.7590041322446,206.0,4.431485552308977
69,70,11.537202335756096,3.0,4.550000000000001,4.333806285518631,786.2962064680007,209.0,4.4300523195708585
70,71,11.292368159454275,3.0,4.300000000000001,4.427769206066723,797.588574627455,212.0,4.430019994937509
71,72,11.749181232721611,3.0,4.15,4.255615690117146,809.3377558601767,215.0,4.42748816225052
72,73,11.783887152749001,3.0,4.1,4.243082045158228,821.1216430129257,218.0,4.424841756699548
73,74,11.30141556158186,3.0,4.1,4.424224534311478,832.4230585745075,221.0,4.42483337696207
74,75,12.07542622073583,3.0,4.1,4.140640594047139,844.4984847952434,224.0,4.4207697237473615
75,76,11.12170298167176,3.0,4.15,4.49571437777097,855.6201877769151,227.0,4.421743885173216
76,77,10.714251866440415,3.0,4.300000000000001,4.666681409330304,866.3344396433556,230.0,4.4247731106146535
77,78,12.416146263937579,3.0,4.45,4.027014416318845,878.7505859072932,233.0,4.419153051629395
78,79,11.324001010928148,3.0,4.55,4.415400524227069,890.0745869182213,236.0,4.419105309985356
79,80,10.57766687448929,3.0,4.65,4.726940316166281,900.6522537927106,239.0,4.422720663340633
80,81,11.001961650923981,3.0,4.7,4.544644090429168,911.6542154436345,242.0,4.42419205111733
81,82,10.809070775107065,3.0,4.7,4.625744528858887,922.4632862187416,245.0,4.426553765701914
82,83,11.685840978432957,3.0,4.7,4.278682218274109,934.1491271971745,248.0,4.424703950358554
83,84,11.723533606361968,3.0,4.65,4.264925719398004,945.8726608035365,251.0,4.4227235934481
84,85,11.177417904230857,3.0,4.6,4.473305053850951,957.0500787077674,254.0,4.423314335911538
85,86,11.8904035249868,3.0,4.6,4.205071753446274,968.9404822327542,257.0,4.4206361607094165
86,87,11.08624799805606,3.0,4.55,4.5100921437773485,980.0267302308102,260.0,4.421648103733632
87,88,10.517206246449996,3.0,4.4,4.754114241781378,990.5439364772602,263.0,4.425178098532494
88,89,10.626026250763172,3.0,4.15,4.705427863629543,1001.1699627280234,266.0,4.428152559884267
89,90,10.527557858813983,3.0,3.85,4.749439582337562,1011.6975205868374,269.0,4.431495819751309
90,91,12.555991058009278,3.0,3.6,3.9821627595143716,1024.2535116448466,272.0,4.425987591737188
91,92,12.920630579239287,3.0,3.35,3.8697801700436667,1037.174142224086,275.0,4.419058619707744
92,93,12.425297470125871,3.0,3.1,4.024048528432816,1049.5994396942117,278.0,4.4143824378214225
93,94,11.086210492797148,3.0,2.9,4.510107401666749,1060.6856501870088,281.0,4.415382948291624
94,95,10.033284420389776,3.0,2.75,4.983412998677613,1070.7189346073985,284.0,4.42070573363766
95,96,9.632322479538917,3.0,2.6500000000000004,5.190856110373229,1080.3512570869375,287.0,4.427572330716889
96,97,11.084642636846338,3.0,2.6,4.5107453291994775,1091.435899723784,290.0,4.42841703718609
97,98,10.195934308686581,3.0,2.6500000000000004,4.9039154712287365,1101.6318340324706,293.0,4.4328179183585545
98,99,9.796785661824693,3.0,2.9000000000000004,5.103714802584268,1111.4286196942953,296.0,4.43873159815722
99,100,9.722348866287835,3.0,3.3,5.142790151603651,1121.1509685605831,299.0,4.444837022913433
100,101,10.731118632596424,3.0,3.65,4.6593464960979905,1131.8820871931796,302.0,4.446870738819537
101,102,9.06007409408927,2.0,4.0,3.6791457759798862,1140.9421612872688,304.0,4.4407743342135735
102,103,12.41450860191908,3.0,4.35,4.027545640612051,1153.356669889188,307.0,4.436326420306968
103,104,10.811894406919322,3.0,4.65,4.624536470500613,1164.1685642961072,310.0,4.438074369230709
104,105,9.149609256186647,3.0,4.949999999999999,5.464714240795773,1173.318173552294,313.0,4.446080171819791
105,106,10.214500360580914,2.0,5.25,3.263334686635384,1183.5326739128748,315.0,4.43587246530591
106,107,10.320092609409286,3.0,5.45,4.8449177630841005,1193.8527665222841,318.0,4.439408399947843
107,108,11.664910364025626,3.0,5.55,4.286359555252058,1205.5176768863098,321.0,4.437927458532446
108,109,13.194088342789506,3.0,5.699999999999999,3.7895759601552697,1218.7117652290992,324.0,4.430908237752904
109,110,10.801746200405997,2.0,5.8,3.085920805293542,1229.5135114295051,326.0,4.419092009014377
110,111,9.441422820648274,2.0,5.8,3.5305413142215967,1238.9549342501534,328.0,4.412320832295026
111,112,9.790409435326016,2.0,5.85,3.4046924751746457,1248.7453436854794,330.0,4.404420827522446
112,113,9.133190866867944,2.0,6.0,3.6496919662825764,1257.8785345523472,332.0,4.3989409003648605
113,114,12.160372318185146,3.0,6.3,4.111716211618606,1270.0389068705324,335.0,4.396190780557322
114,115,11.919083972868467,3.0,6.7,4.194953245888318,1281.957990843401,338.0,4.394319762090769
115,116,9.245652727125439,2.0,7.2,3.605298005141167,1291.2036435705263,340.0,4.388669978499135
116,117,9.205094560227007,2.0,7.85,3.621183151920962,1300.4087381307534,342.0,4.38323723369727
117,118,9.201996000240909,2.0,8.649999999999999,3.6224025018551047,1309.6107341309942,344.0,4.377891219055826
118,119,12.713782295458088,3.0,9.5,3.9327399854771903,1322.3245164264522,347.0,4.373611213806004
119,120,10.384905989865521,3.0,10.2,4.814680079799882,1332.7094224163177,350.0,4.37704816610135
120,121,10.467452818877614,3.0,10.8,4.776711284509168,1343.1768752351952,353.0,4.380162763227397
121,122,10.84858497627003,3.0,11.35,4.608896008960519,1354.0254602114653,356.0,4.381995396457828
122,123,10.508635248493546,3.0,11.899999999999999,4.7579917675007035,1364.534095459959,359.0,4.384891043207288
123,124,11.079820998018551,3.0,12.399999999999999,4.512708283729648,1375.6139164579774,362.0,4.385920541476029
124,125,11.777558863961794,3.0,12.75,4.245361927503944,1387.3914753219392,365.0,4.3847273401486895
125,126,10.450482609098477,3.0,13.0,4.784468035616712,1397.8419579310378,368.0,4.3877158633951385
126,127,9.608569940374135,3.0,13.149999999999999,5.203687990020825,1407.4505278714119,371.0,4.39328645013536
127,128,11.803658716284765,3.0,13.149999999999999,4.235974726295512,1419.2541865876967,374.0,4.391978119381205
128,129,11.596408561168806,3.0,13.0,4.311679752938998,1430.8505951488655,377.0,4.391327336785722
129,130,0.0,1.0,12.8,inf,1430.8505951488655,378.0,4.402975419907169
130,131,16.552316795226147,5.0,10.05,5.034541953508738,1447.4029119440916,383.0,4.410197934975483
131,132,12.624885734284009,4.0,9.75,5.280575845975965,1460.0277976783755,387.0,4.417724107894587
132,133,12.207804287970273,3.0,9.5,4.095740627925257,1472.2356019663457,390.0,4.415054215044438
133,134,12.347939283000436,3.0,9.350000000000001,4.04925865393877,1484.5835412493461,393.0,4.41201173124139
134,135,12.927325521867465,3.0,9.25,3.8677760465938253,1497.5108667712136,396.0,4.407313593810691
135,136,13.019056400175565,3.0,8.95,3.8405241104359713,1510.529923171389,399.0,4.402428510676694
136,137,9.09857225386256,2.0,8.45,3.6635784608054895,1519.6284954252517,401.0,4.39800474487883
137,138,9.532124846002038,2.0,7.949999999999999,3.4969467848833298,1529.1606202712537,403.0,4.392387939911254
138,139,12.541825433065611,3.0,7.550000000000001,3.9866604958620004,1541.7024457043194,406.0,4.389087327143304
139,140,12.913052297437199,3.0,7.2,3.8720512275725314,1554.6154980017566,409.0,4.384792686956067
140,141,11.362422050166343,3.0,6.75,4.400470232424434,1565.9779200519229,412.0,4.384906440085049
141,142,12.14187606485266,3.0,6.3,4.117979769595576,1578.1197961167754,415.0,4.38285273632982
142,143,10.10124057888791,2.0,5.85,3.299924704595358,1588.2210366956633,417.0,4.37596520850754
143,144,10.275359802049271,2.0,5.4,3.2440064363182186,1598.4963964977126,419.0,4.368688818213002
144,145,11.193951495177188,3.0,4.95,4.4666979324988185,1609.6903479928897,422.0,4.36937038362884
145,146,10.482837217289209,2.0,4.5,3.1798007202055083,1620.1731852101789,424.0,4.36167363537123
146,147,11.687165964882722,3.0,4.1,4.278197139515143,1631.8603511750616,427.0,4.361075787852885
147,148,9.562222820462896,3.0,3.75,5.228909735610988,1641.4225739955245,430.0,4.366131415642518
148,149,12.527139953498882,2.0,3.55,2.660889353600875,1653.9497139490234,432.0,4.353215783573643
149,150,11.717778713926924,2.0,3.45,2.844680220297699,1665.6674926629503,434.0,4.342603409861351
150,151,11.447960277703762,2.0,3.4,2.911726851311136,1677.115452940654,436.0,4.332836271900836
151,152,10.036112278510092,2.0,3.45,3.3213392206371193,1687.151565219164,438.0,4.326819327018623
152,153,13.186010457963338,3.0,3.5,3.791897493134767,1700.3375756771275,441.0,4.322671041997646
153,154,11.222427571499626,3.0,3.55,4.455364018296677,1711.560003248627,444.0,4.323541088804616
154,155,11.79539104521952,3.0,3.6500000000000004,4.2389438220671956,1723.3553942938465,447.0,4.322962068455227
155,156,9.264775124978623,2.0,3.8,3.5978567081961685,1732.620169418825,449.0,4.319084739642317
156,157,12.458815727809133,3.0,3.95,4.0132225319294,1745.0789851466343,452.0,4.316901067203172
157,158,10.92446866144954,3.0,3.95,4.576881636032414,1756.0034538080838,455.0,4.3185184612752625
158,159,13.130808388902167,3.0,3.8,3.807838673684307,1769.134262196986,458.0,4.31472811105582
159,160,10.52798575869859,2.0,3.6,3.1661643639470323,1779.6622479556845,460.0,4.307933528102561
160,161,9.595943632422662,2.0,3.5,3.4736899892478585,1789.2581915881071,462.0,4.303459409156398
161,162,9.03733902223859,2.0,3.5,3.6884013370869995,1798.2955306103456,464.0,4.300368433162164
162,163,10.669911282719488,3.0,3.45,4.6860745769252805,1808.9654418930652,467.0,4.3026434629885175
163,164,10.674269824717715,3.0,3.3,4.68416114835492,1819.6397117177828,470.0,4.3048815009310175
164,165,10.684407218678096,3.0,3.05,4.6797168038103045,1830.324118936461,473.0,4.307069579520194
165,166,10.98305494306823,3.0,2.75,4.552467438174535,1841.3071738795293,476.0,4.308533332120926
166,167,10.484833415961598,3.0,2.5,4.768792980905394,1851.792007295491,479.0,4.311139319038777
167,168,10.313128545158996,3.0,2.3,4.848189352150575,1862.10513584065,482.0,4.314113730053525
168,169,9.96891008430502,3.0,2.2,5.015593437713883,1872.074045924955,485.0,4.317849152884077
169,170,9.144167557359324,3.0,2.25,5.467966295057604,1881.2182134823145,488.0,4.323439606869295
170,171,11.428570796103251,3.0,2.3499999999999996,4.375000242116737,1892.6467842784177,491.0,4.323750950948449
171,172,10.419939898029408,3.0,2.4,4.798492168794167,1903.0667241764472,494.0,4.326350321161919
172,173,10.502383416750845,3.0,2.3499999999999996,4.760824092581896,1913.5691075931982,497.0,4.3287348758215165
173,174,10.984471518104431,3.0,2.3,4.551880344683928,1924.5535791113025,500.0,4.330008488088652
174,175,10.885732854046807,3.0,2.4,4.593168018211317,1935.4393119653494,503.0,4.331488609074724
175,176,9.97981647085056,3.0,2.7,5.010112174511622,1945.4191284362,506.0,4.334969883899702
176,177,11.286422992763478,3.0,3.15,4.430101550514147,1956.7055514289634,509.0,4.335518610420477
177,178,11.092585146715354,3.0,3.5,4.5075155465275465,1967.7981365756789,512.0,4.336488166506174
178,179,11.46762269989237,3.0,3.7,4.360101592849691,1979.2657592755713,515.0,4.336624979798018
179,180,10.679593223031134,3.0,3.8499999999999996,4.681826260214877,1989.9453524986025,518.0,4.338477598137659
180,181,11.479456620359592,3.0,3.9,4.355606859589645,2001.424809118962,521.0,4.338575845452712
181,182,11.498548956089541,3.0,3.9,4.348374755018145,2012.9233580750515,524.0,4.338631820381366
182,183,9.331648104108556,4.0,3.9,7.144147092014168,2022.25500617916,528.0,4.351577804535483
183,184,10.019765665107942,2.0,3.8499999999999996,3.3267577753251016,2032.2747718442681,530.0,4.3465251134900305
184,185,9.894711930120158,2.0,3.75,3.368802807878061,2042.1694837743883,532.0,4.341787857038718
185,186,11.368393205617796,3.0,3.6,4.398158921464121,2053.537876980006,535.0,4.34209992745777
186,187,13.236932261340536,3.0,3.25,3.777310256850735,2066.7748092413462,538.0,4.338482657410593
187,188,9.124873871029466,2.0,2.75,3.6530185298410784,2075.899683112376,540.0,4.335469615037654
188,189,9.57259177180157,2.0,2.35,3.482163882881216,2085.4722748841773,542.0,4.331552829603082
189,190,13.185944288260675,3.0,2.05,3.791916521633915,2098.658219172438,545.0,4.328162275472923
190,191,12.11854788983045,3.0,1.7999999999999998,4.1259068705714,2110.7767670622684,548.0,4.3270010717641645
191,192,11.702839860776905,3.0,1.6,4.2724672468243705,2122.479606923045,551.0,4.326700385426268
192,193,10.613479331078612,3.0,1.45,4.71099047167209,2133.0930862541236,554.0,4.328612470235783
193,194,10.687617785528897,3.0,1.2999999999999998,4.678311014050326,2143.7807040396524,557.0,4.330355859552332
194,195,9.821950578280997,3.0,1.15,5.090638524547618,2153.6026546179332,560.0,4.333823285980832
195,196,10.976767170812586,3.0,1.05,4.555075207657759,2164.579421788746,563.0,4.334945273377503
196,197,9.864042982230638,3.0,1.0,5.0689154629669995,2174.443464770977,566.0,4.338274821197477
197,198,9.947681313579762,3.0,1.0,5.026296925268814,2184.3911460845566,569.0,4.341408062531232
198,199,10.125544099406245,3.0,1.05,4.938006245307052,2194.516690183963,572.0,4.344160778533048
199,200,11.243294261709059,3.0,1.15,4.447095205031096,2205.759984445672,575.0,4.344685460300302
200,201,12.172442821708609,3.0,1.25,4.1076389293715865,2217.9324272673807,578.0,4.3433845030175915
201,202,11.795900991720172,3.0,1.4,4.23876056903972,2229.728328259101,581.0,4.34283101246409
202,203,11.243294189740597,3.0,1.6,4.447095233497007,2240.9716224488416,584.0,4.343354121859494
203,204,11.008225368912164,3.0,1.9,4.542058172355624,2251.9798478177536,587.0,4.344325435600022
204,205,10.172497342545578,3.0,2.3,4.915213866990103,2262.1523451602993,590.0,4.346892619487362
205,206,9.89945515695423,4.0,2.65,6.734377358114931,2272.0518003172538,594.0,4.357295022330755
206,207,9.83836721029634,4.0,2.9,6.776192150756143,2281.89016752755,598.0,4.36772409491805
207,208,10.213603048104842,3.0,3.05,4.895432078621621,2292.103770575655,601.0,4.370075559079513
208,209,10.037395625052303,3.0,3.1500000000000004,4.981371848610327,2302.141166200707,604.0,4.372740826871182
209,210,10.702792404972415,3.0,3.2,4.671678017109859,2312.8439586056797,607.0,4.374124172547116
210,211,12.047253677887346,3.0,3.2,4.150323495866504,2324.8912122835673,610.0,4.372964469456061
211,212,11.227192894235042,3.0,3.2,4.453472962566991,2336.1184051778023,613.0,4.373351386651601
212,213,11.839051191817685,3.0,3.1500000000000004,4.223311411522273,2347.95745636962,616.0,4.372594843579852
213,214,10.523841975738957,3.0,2.95,4.751116570855686,2358.481298345359,619.0,4.374283855421935
214,215,9.893820145426881,3.0,2.5999999999999996,5.053659685041979,2368.375118490786,622.0,4.377121928756235
215,216,11.956951569762342,3.0,2.15,4.181667853070832,2380.332070060548,625.0,4.376140118299419
216,217,12.332609549080601,3.0,1.7,4.054291981029069,2392.664679609629,628.0,4.374481203264279
217,218,12.714681714691709,3.0,1.45,3.9324617888173647,2405.3793613243206,631.0,4.372144716863517
218,219,12.072662714394518,3.0,1.45,4.14158841200656,2417.452024038715,634.0,4.370993327517405
219,220,10.87315005920851,5.0,1.55,7.6641389918791765,2428.3251740979235,639.0,4.385738826743528
220,221,9.293507069160967,3.0,1.75,5.380100281616731,2437.6186811670846,642.0,4.389529864809309
221,222,11.46186810029747,3.0,2.05,4.362290646033725,2449.080549267382,645.0,4.389402383362097
222,223,9.214457542963268,2.0,2.3,3.6175035999583867,2458.2950068103455,647.0,4.386509065616491
223,224,11.645650732878565,3.0,2.45,4.293448356547185,2469.940657543224,650.0,4.38607028887444
224,225,9.542917665135468,3.0,2.5,5.239487728440988,2479.4835752083595,653.0,4.389354881053717
225,226,11.385185298960337,4.0,2.55,5.855562726129234,2490.86876050732,657.0,4.396056578175476
226,227,9.530419920280426,3.0,2.75,5.246358546447845,2500.3991804276006,660.0,4.399297554608403
227,228,13.073503221821733,3.0,3.0999999999999996,3.8245295963626744,2513.4726836494224,663.0,4.396307973379689
228,229,12.044351847080508,3.0,3.4,4.151323428177644,2525.517035496503,666.0,4.3951396264558555
229,230,12.131029737190227,1.0,3.55,1.3738872154909891,2537.648065233693,667.0,4.38069676365581
230,231,9.794895939628617,3.0,3.7,5.104699458593308,2547.4429611733217,670.0,4.3834805476953385
231,232,12.149064897909776,5.0,3.8499999999999996,6.859238470910685,2559.5920260712314,675.0,4.395231695290069
232,233,10.771927967687555,3.0,3.95,4.641694611213935,2570.363954038919,678.0,4.396264576556889
233,234,11.905215506838994,3.0,4.1,4.199839975284557,2582.269169545758,681.0,4.395358986529106
234,235,12.25752261991974,3.0,4.300000000000001,4.079127695733951,2594.5266921656776,684.0,4.393864990644712
235,236,9.828101523799786,3.0,4.550000000000001,5.08745253383064,2604.3547936894774,687.0,4.396482394696799
236,237,11.777869734460419,3.0,4.85,4.245249873473036,2616.132663423938,690.0,4.395801543545979
237,238,11.906091932084125,3.0,5.1,4.199530818778723,2628.038755356022,693.0,4.394912356775848
238,239,11.940260864341399,3.0,5.300000000000001,4.18751320160189,2639.9790162203635,696.0,4.3939743190109235
239,240,11.159051578835399,3.0,5.5,4.480667523289482,2651.138067799199,699.0,4.39433922416235
240,241,9.67868270119673,3.0,5.699999999999999,5.165992268123192,2660.8167505003953,702.0,4.397146101023187
241,242,11.578142944589498,5.0,5.85,7.197469726548442,2672.394893444985,707.0,4.409278494819842
242,243,12.335060616129134,3.0,5.95,4.053486363465517,2684.7299540611143,710.0,4.407643798749065
243,244,12.695965635497032,3.0,6.1,3.938258926930575,2697.4259196966113,713.0,4.405434546528675
244,245,11.988128130840975,3.0,6.300000000000001,4.170792925658567,2709.414047827452,716.0,4.404396346472808
245,246,11.729355296497094,3.0,6.6,4.262808887282341,2721.143403123949,719.0,4.403786040668099
246,247,13.075225345931383,3.0,7.1,3.8240258716121094,2734.2186284698805,722.0,4.401013586856956
247,248,9.45496757152159,2.0,7.7,3.5254836234164886,2743.673596041402,724.0,4.397996424967084
248,249,9.551186913512886,2.0,8.35,3.489967648541544,2753.224782954915,726.0,4.394846390643631
249,250,9.407277270520167,2.0,9.05,3.5433561034488568,2762.6320602254355,728.0,4.391946907451452
250,251,9.408552171888,2.0,9.600000000000001,3.542875962672627,2772.0406123973235,730.0,4.389065085213401
251,252,9.20262276273257,2.0,9.95,3.6221557910992255,2781.243235160056,732.0,4.386527523292262
252,253,12.584589956956924,3.0,10.2,3.9731131622893567,2793.8278251170127,735.0,4.384665329004997
253,254,12.597095551694842,3.0,10.350000000000001,3.969168908405469,2806.4249206687077,738.0,4.382800305617721
254,255,11.540132272405328,3.0,10.4,4.332705970759069,2817.965052941113,741.0,4.38259515926583
255,256,11.033797526607296,3.0,10.4,4.5315314042539026,2828.9988504677203,744.0,4.383176047579481
256,257,10.38099803869419,3.0,10.350000000000001,4.816492577460252,2839.3798485064144,747.0,4.384760287197578
257,258,11.48555900921776,4.0,10.2,5.804390244581321,2850.8654075156323,751.0,4.390479688612952
258,259,9.401007748574026,3.0,9.95,5.318578745729058,2860.2664152642064,754.0,4.393530126984996
259,260,10.631183339319708,3.0,9.65,4.703145304161363,2870.897598603526,757.0,4.394676658897105
260,261,11.490378192452122,3.0,9.35,4.351466867543519,2882.3879767959784,760.0,4.3945044069836685
261,262,11.746279641310503,3.0,9.1,4.256666921512319,2894.134256437289,763.0,4.393944972795085
262,263,10.123672441484997,3.0,9.05,4.938919180663032,2904.257928878774,766.0,4.395844645794047
263,264,9.319674203557339,3.0,9.2,5.364994409452092,2913.5776030823313,769.0,4.39894466964177
264,265,10.745084742208515,3.0,9.45,4.6532904299573845,2924.3226878245396,772.0,4.399879233655445
265,266,10.642243950581479,3.0,9.8,4.698257269066649,2934.964931775121,775.0,4.40096115862428
266,267,10.204040802249397,3.0,10.15,4.900019606838295,2945.1689725773704,778.0,4.4026902318338985
267,268,11.02586347679859,3.0,10.4,4.534792227857126,2956.194836054169,781.0,4.403182939065302
268,269,10.864382420279266,3.0,10.55,4.602194406068667,2967.0592184744482,784.0,4.403911652759348
269,270,10.514995829566532,3.0,10.7,4.7551136310874975,2977.5742143040147,787.0,4.405151886275515
270,271,10.51920759173346,4.0,10.9,6.337612988934337,2988.093421895748,791.0,4.411954872873211
271,272,13.236658544056976,3.0,11.05,3.7773883668283568,3001.330080439805,794.0,4.40915626694221
272,273,10.17248332016885,2.0,11.1,3.2768137616154918,3011.502563759974,796.0,4.405331353961305
273,274,11.535748429207375,3.0,11.05,4.334352496228588,3023.038312189181,799.0,4.405060502532365
274,275,11.857863425104721,4.0,10.95,5.622148297434781,3034.8961756142858,803.0,4.409815874714213
275,276,9.302093555982507,2.0,10.75,3.583422713685295,3044.1982691702683,805.0,4.407290682260172
276,277,10.69683196762595,2.0,10.5,3.116187431401834,3054.8951011378945,807.0,4.402769834875873
277,278,10.114535296247398,2.0,10.3,3.2955872273934683,3065.009636434142,809.0,4.399116131008304
278,279,9.246188884225523,2.0,10.1,3.6050889453709654,3074.2558253183674,811.0,4.396728000106137
279,280,9.037277914225678,2.0,9.85,3.6884262772159486,3083.2931032325932,813.0,4.394651934256228
280,281,11.916935375281463,3.0,9.7,4.195709586855006,3095.2100386078746,816.0,4.393885982004904
281,282,9.673824822013378,3.0,9.8,5.168586460881735,3104.883863429888,819.0,4.396299700859402
282,283,11.018722979476406,3.0,9.95,4.537730923368392,3115.9025864093646,822.0,4.396799842124495
283,284,9.468728687598187,3.0,9.95,5.280539938322265,3125.371315096963,825.0,4.399477250457011
284,285,9.06427385614852,3.0,10.0,5.516161668712576,3134.4355889531116,828.0,4.402706518722607
285,286,11.906114885744778,3.0,10.3,4.199522722552016,3146.3417038388566,831.0,4.401937648126901
286,287,13.113568212490215,3.0,10.65,3.8128447719040155,3159.4552720513466,834.0,4.399492571697373
287,288,11.895658156773642,3.0,10.8,4.203214260282768,3171.35093020812,837.0,4.398756336651942
288,289,10.08947590660461,3.0,11.100000000000001,4.955658793661404,3181.4404061147247,840.0,4.400522471862749
289,290,10.751860072168625,3.0,12.100000000000001,4.650358139372169,3192.1922661868934,843.0,4.401363961946712
290,291,11.686685805978756,3.0,13.65,4.278372913424321,3203.8789519928723,846.0,4.4009153314701654
291,292,10.380500470019223,3.0,15.2,4.816723446466682,3214.2594524628917,849.0,4.402258190189879
292,293,10.757207670154779,3.0,16.2,4.648046364180732,3225.0166601330466,852.0,4.403078029188905
293,294,11.775454886548012,3.0,16.45,4.246120466829589,3236.792115019595,855.0,4.402507017326238
294,295,11.471554168562422,3.0,16.45,4.35860732253909,3248.263669188157,858.0,4.402351981350707
295,296,10.982934655524843,3.0,16.4,4.552517297810567,3259.246603843682,861.0,4.402858004999319
296,297,10.09512433596816,3.0,16.05,4.952886000804745,3269.34172817965,864.0,4.404556390016113
297,298,10.948430392081677,3.0,16.0,4.5668646746077775,3280.290158571732,867.0,4.40509811677503
298,299,11.868631942728198,3.0,17.049999999999997,4.212785453392928,3292.15879051446,870.0,4.404404806286427
299,300,12.131029229835233,3.0,19.45,4.121661818852869,3304.2898197442955,873.0,4.403366772811097
300,301,10.874244729525845,3.0,22.25,4.598020482676793,3315.1640644738213,876.0,4.40400526672495
301,302,11.004370497296659,3.0,24.15,4.543649272103574,3326.168434971118,879.0,4.40446726809468
302,303,11.421466560653368,3.0,25.200000000000003,4.377721524155978,3337.5899015317714,882.0,4.404375742284427
303,304,11.703440388549906,3.0,26.0,4.27224801767843,3349.2933419203214,885.0,4.403914048192348
304,305,13.043269821021303,3.0,27.049999999999997,3.833394592467684,3362.3366117413425,888.0,4.401700873231467
305,306,12.62595451530766,3.0,28.299999999999997,3.960096635813173,3374.96256625665,891.0,4.400048803051147
306,307,11.7964825144811,3.0,29.299999999999997,4.238551613891777,3386.759048771131,894.0,4.399486289231705
307,308,10.135951206239463,4.0,30.0,6.577248184228449,3396.8949999773704,898.0,4.405984484879978
308,309,11.035985522981369,3.0,30.200000000000003,4.53063298206398,3407.9309855003517,901.0,4.406388137130049
309,310,11.891401858621014,3.0,29.3,4.2047187198329405,3419.8223873589727,904.0,4.405686892500346
310,311,12.640336523415828,3.0,26.7,3.9555908901140855,3432.4627238823887,907.0,4.404029375610673
311,312,12.068788105941147,3.0,22.799999999999997,4.142918042896644,3444.53151198833,910.0,4.40311450595841
312,313,10.454804124386655,3.0,19.1,4.782490365684715,3454.9863161127164,913.0,4.404262499015418
313,314,10.057510747050554,3.0,16.2,4.971409055134532,3465.043826859767,916.0,4.405908678073561
314,315,9.188661977241813,3.0,13.850000000000001,5.441488665470383,3474.2324888370085,919.0,4.408647583568562
315,316,10.943913725767231,3.0,11.9,4.568749466863575,3485.176402562776,922.0,4.4091503246053785
316,317,11.5110545829211,3.0,10.15,4.3436506742123155,3496.687457145697,925.0,4.408934700515414
317,318,10.445443835639262,3.0,8.600000000000001,4.786776013231992,3507.132900981336,928.0,4.410060041448363
318,319,10.837562168713411,3.0,7.300000000000001,4.61358368437722,3517.9704631500495,931.0,4.410687022304555
319,320,10.236508356694207,3.0,6.2,4.884478013179395,3528.2069715067437,934.0,4.412061648418211
320,321,9.163344014913953,3.0,5.300000000000001,5.456523286544919,3537.3703155216576,937.0,4.414767263167829
321,322,9.303649032490373,3.0,4.6,5.374235402194245,3546.673964554148,940.0,4.417284143747372
322,323,9.709690527957227,3.0,4.05,5.1494947090264525,3556.383655082105,943.0,4.419283235712604
323,324,11.121599539552752,3.0,3.65,4.49575619245959,3567.505254621658,946.0,4.419521638052572
324,325,10.46190507074184,3.0,3.4,4.779244283130794,3577.9671596924,949.0,4.420573459938194
325,326,10.716928434795708,3.0,3.15,4.66551589890813,3588.6840881271955,952.0,4.421304934351829
326,327,10.411790792604698,3.0,2.85,4.80224785495249,3599.0958789198003,955.0,4.422406960562482
327,328,9.396027059565478,3.0,2.6,5.321398042281954,3608.4919059793656,958.0,4.42474781229507
328,329,9.828112288848429,3.0,2.35,5.087446961379657,3618.320018268214,961.0,4.426547841484872
329,330,9.441509618832217,3.0,2.1,5.2957632855946075,3627.761527887046,964.0,4.4288100370325445
330,331,11.424833762092844,3.0,1.95,4.376431293547401,3639.186361649139,967.0,4.428645599606835
331,332,12.180825916646908,3.0,1.95,4.104811967772036,3651.367187565786,970.0,4.427565302585825
332,333,12.694393676510211,3.0,2.05,3.938746605323918,3664.061581242296,973.0,4.425871756546303
333,334,14.092340476854138,3.0,2.1500000000000004,3.5480266803177325,3678.1539217191503,976.0,4.422508413966457
334,335,12.680591199668536,3.0,2.25,3.943033823321028,3690.8345129188187,979.0,4.4208610842762965
335,336,10.824339645963873,3.0,2.3499999999999996,4.619219429117208,3701.6588525647826,982.0,4.42144112100623
336,337,10.671127117710533,3.0,2.45,4.685540660181676,3712.329979682493,985.0,4.422200277592442
337,338,12.39675698062792,3.0,2.6,4.033312912250652,3724.726736663121,988.0,4.420905969982297
338,339,11.40765118642748,3.0,2.9000000000000004,4.383023216864193,3736.134387849548,991.0,4.420790301435962
339,340,11.479456612239616,3.0,3.3,4.355606862670576,3747.6138444617877,994.0,4.4205906355983915
340,341,10.76547339459009,3.0,3.65,4.644477596788842,3758.379317856378,997.0,4.421231935722793
341,342,9.968908438905611,3.0,3.9,5.015594265553212,3768.3482262952834,1000.0,4.422804280763591
342,343,9.697646036510067,2.0,4.05,3.437260259638136,3778.0458723317934,1002.0,4.420274545182489
343,344,9.243125104372906,2.0,4.1,3.606283909060518,3787.2889974361665,1004.0,4.4182879480971975
344,345,11.322522861737113,3.0,4.1,4.415976952359975,3798.6115202979036,1007.0,4.41828105971129
345,346,11.963388506229268,4.0,4.05,5.572557192467143,3810.574908804133,1011.0,4.421904936462202
346,347,11.99236230241562,3.0,3.95,4.16932033398695,3822.5672711065486,1014.0,4.421112514550417
347,348,11.943027344531421,3.0,3.8,4.186543206977956,3834.51029845108,1017.0,4.42038192121868
348,349,12.552885876938191,3.0,3.6,3.983147818770391,3847.063184328018,1020.0,4.418955235581725
349,350,12.49206292957306,3.0,3.4,4.002541476286724,3859.555247257591,1023.0,4.417607446379964
350,351,11.257447813929932,3.0,3.15,4.441504044827118,3870.812695071521,1026.0,4.417676944630369
351,352,10.863207856992485,3.0,2.9,4.602692009415593,3881.6759029285136,1029.0,4.418194725392003
352,353,11.399246611875647,3.0,2.8,4.386254785286458,3893.0751495403892,1032.0,4.418101202600881
353,354,12.262280376708404,4.0,2.8499999999999996,5.43672666246457,3905.337429917098,1036.0,4.4212995615677695
354,355,11.474121367424553,3.0,3.05,4.35763213573388,3916.8115512845225,1039.0,4.421113050738336
355,356,11.24002639659508,3.0,3.4000000000000004,4.448388129688593,3928.0515776811176,1042.0,4.4211910977296505
356,357,12.226813627501564,3.0,3.8499999999999996,4.0893728753283565,3940.278391308619,1045.0,4.420161454856584
357,358,12.865093427643965,3.0,4.3,3.886485572857336,3953.143484736263,1048.0,4.418424662324639
358,359,9.121904565061099,2.0,4.8,3.6542076378443302,3962.265389301324,1050.0,4.416665286291138
359,360,9.053905706771546,2.0,5.4,3.6816523622951864,3971.3192950080957,1052.0,4.414989586803696
360,361,9.189527772984292,2.0,6.050000000000001,3.6273173286801397,3980.5088227810797,1054.0,4.413171141872582
361,362,11.122983323072377,3.0,6.75,4.495196886278263,3991.631806104152,1057.0,4.413399712800816
362,363,10.47154678376012,3.0,7.449999999999999,4.774843777381856,4002.103352887912,1060.0,4.414345435111871
363,364,10.364660274527221,3.0,8.15,4.824084791556829,4012.468013162439,1063.0,4.415403838373086
364,365,10.818885026734145,3.0,8.85,4.6215483274336355,4023.2868981891734,1066.0,4.415958174561998
365,366,11.600397204682276,3.0,9.45,4.310197238747865,4034.8872953938558,1069.0,4.415654109349178
366,367,11.128854812068033,3.0,9.85,4.492825258694222,4046.0161502059236,1072.0,4.4158663740769635
367,368,9.374269441908815,3.0,10.2,5.333748972103245,4055.3904196478325,1075.0,4.4179881127752285
368,369,11.381081200530492,3.0,10.55,4.393255712618008,4066.771500848363,1078.0,4.417918897808414
369,370,11.996754317417716,3.0,10.899999999999999,4.167793944684401,4078.7682551657804,1081.0,4.417183213056655
370,371,11.113261532091085,3.0,11.25,4.499129248026608,4089.8815166978716,1084.0,4.417405881540918
371,372,12.446618551731147,4.0,11.5,5.356207100714458,4102.328135249602,1088.0,4.420254239908585
372,373,9.811752455568264,3.0,11.7,5.09592962382826,4112.139887705171,1091.0,4.421866432049024
373,374,9.847955403613183,3.0,11.9,5.077196021994085,4121.987843108784,1094.0,4.423432098135893
374,375,10.484889133778225,3.0,12.05,4.768767639032013,4132.4727322425615,1097.0,4.424308281741898
375,376,10.300353381458871,4.0,12.2,6.47226985305862,4142.7730856240205,1101.0,4.429400215927097
376,377,11.439333453533635,3.0,12.350000000000001,4.370884038226449,4154.212419077554,1104.0,4.429239081636979
377,378,10.593093172550931,3.0,12.45,4.720056661973026,4164.805512250105,1107.0,4.429978769892687
378,379,10.975327072427737,3.0,12.5,4.555672889750157,4175.780839322532,1110.0,4.430309135429002
379,380,11.051708551083834,3.0,12.5,4.5241873479459915,4186.832547873616,1113.0,4.430556939618009
380,381,10.56370405583874,3.0,12.4,4.73318825818148,4197.396251929455,1116.0,4.431318580286523
381,382,11.84174539849733,4.0,12.15,5.6298007112301525,4209.237997327952,1120.0,4.434690240493974
382,383,10.477344153275862,3.0,11.8,4.7722017401105346,4219.715341481228,1123.0,4.4355282648276075
383,384,11.43639200966555,3.0,11.399999999999999,4.372008231069916,4231.151733490894,1126.0,4.435356576348377
384,385,11.686171004937938,3.0,10.899999999999999,4.278561384979967,4242.837904495832,1129.0,4.434924710823383
385,386,10.49931833139047,3.0,10.35,4.762213928737818,4253.337222827223,1132.0,4.435732620825645
386,387,11.314622550186312,3.0,9.75,4.4190603600096825,4264.651845377409,1135.0,4.435688387358288
387,388,12.078172941939352,3.0,9.05,4.13969896277803,4276.730018319348,1138.0,4.434852465650874
388,389,10.095831214639604,3.0,8.45,4.952539215146227,4286.825849533988,1141.0,4.436071660978234
389,390,10.609024641655568,3.0,7.949999999999999,4.712968598798293,4297.434874175643,1144.0,4.436755233044488
390,391,10.942365164839376,3.0,7.550000000000001,4.569396035206612,4308.377239340482,1147.0,4.437092112572994
391,392,11.503779314777882,3.0,7.300000000000001,4.346397703906702,4319.88101865526,1150.0,4.436850594702971
392,393,9.93027455137717,3.0,7.2,5.035107513020957,4329.811293206637,1153.0,4.438222676544155
393,394,9.69932209275679,3.0,7.25,5.1549994444806355,4339.510615299394,1156.0,4.439824757828691
394,395,12.767725822658896,4.0,7.4,5.221498925701652,4352.278341122053,1160.0,4.442117855989202
395,396,9.788961088911613,2.0,7.5,3.4051962236412883,4362.067302210964,1162.0,4.439790889253461
396,397,12.269508578939538,3.0,7.5,4.075142837083499,4374.336810789903,1165.0,4.438768093662287
397,398,11.551481160771505,3.0,7.5,4.328449252880103,4385.888291950675,1168.0,4.438477537695936
398,399,11.557241610766456,3.0,7.5,4.326291833634522,4397.445533561441,1171.0,4.438182694410847
399,400,11.654346454648431,3.0,7.5,4.2902448622554115,4409.09988001609,1174.0,4.4377916579642696
400,401,11.152679555697848,3.0,7.45,4.48322752844228,4420.252559571787,1177.0,4.437906296595648
401,402,11.996899418821146,3.0,7.4,4.167743535597064,4432.249458990608,1180.0,4.437175039138143
402,403,10.88492964877584,3.0,7.35,4.593506950742965,4443.134388639384,1183.0,4.437558025946741
403,404,11.433004002474007,3.0,7.15,4.373303813169349,4454.5673926418585,1186.0,4.437393112363197
404,405,12.009687742356089,3.0,6.85,4.163305580682057,4466.577080384214,1189.0,4.4366561485516876
405,406,12.048086273309472,3.0,6.6,4.150036683482809,4478.625166657524,1192.0,4.435885104779489
406,407,12.611274720435036,3.0,6.4,3.9647062734254046,4491.236441377959,1195.0,4.434562046917312
407,408,10.680958292521211,3.0,6.25,4.6812279039615685,4501.91739967048,1198.0,4.435147270389309
408,409,10.881938003980846,3.0,6.2,4.594769790244066,4512.799337674461,1201.0,4.4355321761285476
409,410,10.874045859616878,3.0,6.2,4.5981045735410975,4523.673383534077,1204.0,4.435922969087077
410,411,11.660987805264927,3.0,6.2,4.287801413995566,4535.334371339342,1207.0,4.435542127564446
411,412,11.014947286297147,3.0,6.25,4.539286362468676,4546.349318625639,1210.0,4.435793480286959
412,413,12.46016088784537,3.0,6.3,4.0127892769646305,4558.809479513485,1213.0,4.434637323081153
413,414,10.942395569498395,3.0,6.3,4.5693833386332265,4569.751875082983,1216.0,4.434959976092497
414,415,10.765389247125228,3.0,6.35,4.644513900261611,4580.517264330108,1219.0,4.4354524815087535
415,416,11.777337004170656,3.0,6.45,4.24544190102514,4592.294601334279,1222.0,4.4349651829282
416,417,10.39824402006205,3.0,6.55,4.808504195855718,4602.6928453543405,1225.0,4.435809069309051
417,418,10.170126983990691,3.0,6.699999999999999,4.916359459297561,4612.862972338331,1228.0,4.436868554170773
418,419,10.45757287634714,3.0,6.9,4.7812241512645475,4623.3205452146785,1231.0,4.437647458362418
419,420,11.436534779184115,3.0,7.1,4.371953652517727,4634.757079993863,1234.0,4.437485355045598
420,421,9.091727337793563,2.0,7.300000000000001,3.6663366701253137,4643.848807331657,1236.0,4.4359756001265485
421,422,12.414564068003036,3.0,7.45,4.027527646248059,4656.263371399659,1239.0,4.4348865931509085
422,423,11.537026308585231,3.0,7.5,4.333872408940656,4667.800397708244,1242.0,4.434636924527258
423,424,11.26652587028242,3.0,7.5,4.437925281997035,4679.066923578527,1245.0,4.434644842423093
424,425,12.464985170111753,3.0,7.5,4.011236220311663,4691.531908748639,1248.0,4.433519883177761
425,426,10.012908537814141,3.0,7.5,4.993554051869449,4701.544817286453,1251.0,4.434712591346477
426,427,10.942569487067239,3.0,7.45,4.569310714370497,4712.48738677352,1254.0,4.435025133151501
427,428,13.139903468617387,3.0,7.300000000000001,3.805202992504261,4725.627290242137,1257.0,4.433273873134109
428,429,8.99043993531426,2.0,7.1,3.7076420701506163,4734.617730177451,1259.0,4.431895990164107
429,430,12.493179589301391,3.0,6.9,4.002183722934537,4747.110909766753,1262.0,4.430765097579486
430,431,11.019745446442233,3.0,6.75,4.537309890052197,4758.1306552131955,1265.0,4.431011853412139
431,432,12.145175998013016,3.0,6.65,4.116860884369246,4770.275831211208,1268.0,4.430212021506401
432,433,11.74901500639683,3.0,6.55,4.255675899024485,4782.024846217605,1271.0,4.429783201584267
433,434,11.380041334186354,3.0,6.5,4.393657152175439,4793.404887551791,1274.0,4.429697434588748
434,435,11.925746553929597,3.0,6.55,4.192609642834035,4805.3306341057205,1277.0,4.429109036176486
435,436,11.362606156869948,3.0,6.65,4.400398932226432,4816.693240262591,1280.0,4.429041308881508
436,437,12.138118392934592,3.0,6.75,4.119254597904088,4828.831358655525,1283.0,4.428262605403353
437,438,10.789058155793779,3.0,6.85,4.634324820387565,4839.620416811319,1286.0,4.428721983831764
438,439,11.084747131535606,3.0,6.95,4.5107028069005075,4850.705163942855,1289.0,4.428909324983748
439,440,12.172700329541799,3.0,7.0,4.107552034174005,4862.877864272396,1292.0,4.428104907083706
440,441,11.906066362967675,3.0,7.0,4.199539837567068,4874.783930635364,1295.0,4.427546664723708
441,442,11.408336081405242,3.0,6.9,4.382760083786133,4886.19226671677,1298.0,4.427442096516117
442,443,10.731272316444588,3.0,6.699999999999999,4.659279769033543,4896.923539033215,1301.0,4.427950152886031
443,444,11.575285763800787,3.0,6.55,4.319547786575104,4908.498824797016,1304.0,4.427694517016022
444,445,9.419717397952173,3.0,6.4,5.308014867926918,4917.918542194968,1307.0,4.429380671199768
445,446,10.987959007036562,3.0,6.15,4.550435614838078,4928.906501202005,1310.0,4.429650537702201
446,447,12.766799193211835,3.0,5.9,3.9164084312209777,4941.673300395217,1313.0,4.428324578151126
447,448,12.215623533330076,3.0,5.75,4.09311893605562,4953.888923928547,1316.0,4.427498006140133
448,449,13.282835718321278,3.0,5.7,3.7642564479687124,4967.171759646869,1319.0,4.425724415637319
449,450,12.181619114011,3.0,5.7,4.104544685894113,4979.353378760879,1322.0,4.42493867322515
450,451,12.06220326406039,3.0,5.75,4.14517969109144,4991.41558202494,1325.0,4.424262610562767
451,452,11.230189522828843,3.0,5.85,4.452284611792125,5002.645771547769,1328.0,4.424325515753137
452,453,10.101656721655873,3.0,5.95,4.949683143836227,5012.747428269425,1331.0,4.425384213102434
453,454,10.748578243215222,3.0,6.0,4.651778018321751,5023.49600651264,1334.0,4.425868619087036
454,455,10.49546925602879,3.0,6.0,4.763960408085525,5033.991475768668,1337.0,4.426573513402854
455,456,11.383985243152503,3.0,5.95,4.392134997721921,5045.375461011821,1340.0,4.426495809066013
456,457,11.511069002354981,3.0,5.800000000000001,4.343645233103094,5056.886530014176,1343.0,4.42630721501884
457,458,10.672582526623648,3.0,5.6,4.684901697904029,5067.5591125408,1346.0,4.42685183046352
458,459,10.039847983279738,3.0,5.35,4.980155086338907,5077.598960524079,1349.0,4.427945867353954
459,460,10.942639317917546,3.0,5.0,4.569281555148189,5088.541599841997,1352.0,4.428249802268102
460,461,10.5394223956284,3.0,4.65,4.744092998942644,5099.081022237625,1355.0,4.428902626737065
461,462,10.398562555029017,3.0,4.35,4.80835689888875,5109.479584792654,1358.0,4.429674873483579
462,463,9.890582837560085,3.0,4.05,5.05531380922487,5119.370167630214,1361.0,4.430883602979149
463,464,9.680609438380891,3.0,3.8,5.164964077753625,5129.050777068595,1364.0,4.43226911204925
464,465,10.224545889538907,3.0,3.7,4.8901927322911,5139.275322958134,1367.0,4.433180147316838
465,466,10.339104508475245,3.0,3.75,4.836008762559044,5149.614427466609,1370.0,4.433988923820527
466,467,11.03582896374239,3.0,3.9499999999999997,4.530697255663553,5160.650256430352,1373.0,4.434195730435306
467,468,11.094534916537269,3.0,4.3,4.506723389141,5171.7447913468895,1376.0,4.434351318283196
468,469,10.384068008196799,3.0,4.7,4.815068618631143,5182.128859355086,1379.0,4.435114208293462
469,470,10.790842197799485,3.0,5.1,4.63355863087278,5192.919701552885,1382.0,4.435526574086149
470,471,10.1205847830603,3.0,5.449999999999999,4.940425980491694,5203.040286335946,1385.0,4.436508668586331
471,472,11.557504925815573,3.0,5.8,4.326193267572558,5214.597791261762,1388.0,4.436264168273623
472,473,12.372589976151977,3.0,6.1,4.041191059945769,5226.970381237914,1391.0,4.435329003690045
473,474,13.032194454631476,3.0,6.300000000000001,3.836652389899741,5240.002575692545,1394.0,4.433840059756593
474,475,12.65655329883081,3.0,6.6,3.9505226122359005,5252.659128991376,1397.0,4.432675481419301
475,476,9.005869720771331,2.0,6.9,3.701289755108562,5261.664998712147,1399.0,4.431423641066789
476,477,4.1630823189813375,2.0,7.1,8.006887872803258,5265.828081031129,1401.0,4.434250347844193
477,478,7.199484493928373,5.0,6.45,11.574902814724002,5273.027565525057,1406.0,4.44399977852192
478,479,10.748666988887608,3.0,6.300000000000001,4.651739611218019,5283.776232513945,1409.0,4.444422378984869
479,480,10.172547876084389,3.0,6.2,4.915189449985265,5293.948780390029,1412.0,4.4453269779462286
480,481,11.236949478339307,3.0,6.25,4.449606193956959,5305.185729868369,1415.0,4.4453360417823635
481,482,10.427131857654832,3.0,6.4,4.79518247995432,5315.612861726024,1418.0,4.446022302244824
482,483,12.164739265879854,5.0,6.55,6.850400284950619,5327.7776009919035,1423.0,4.451512139367678
483,484,9.47808210744808,2.0,6.75,3.5168859011190974,5337.255683099352,1425.0,4.449852397966504
484,485,10.708996614893865,2.0,7.1,3.112647667380339,5347.964679714246,1427.0,4.447174721169649
485,486,10.025618463456468,2.0,7.5,3.3248156664682424,5357.990298177702,1429.0,4.445074615899718
486,487,9.661328997885807,2.0,7.949999999999999,3.4501809575709186,5367.651627175588,1431.0,4.4432838895972955
487,488,9.057930505649745,2.0,8.399999999999999,3.6800164576822687,5376.709557681238,1433.0,4.441998043062098
488,489,11.378687371923574,3.0,8.85,4.394179958170998,5388.088245053162,1436.0,4.441897059742234
489,490,11.15443044887857,2.0,9.45,2.9883492022387,5399.242675502041,1438.0,4.438894138878127
490,491,12.174720912908853,2.0,10.100000000000001,2.7379135482268024,5411.4173964149495,1440.0,4.435067236894337
491,492,11.764438093173432,2.0,10.55,2.8333978273620835,5423.181834508123,1442.0,4.431592756194783
492,493,11.300731744575966,2.0,10.8,2.949661498631042,5434.482566252699,1444.0,4.428511155066899
493,494,12.765740030881231,3.0,10.95,3.916733372217079,5447.24830628358,1447.0,4.4273117931575285
494,495,19.517255286534226,1.0,10.95,0.8539452101221272,5466.765561570114,1448.0,4.414554284709802
495,496,9.919178545386115,2.0,10.850000000000001,3.360493329242295,5476.6847401155,1450.0,4.412645206624949
496,497,9.048284700786407,2.0,10.75,3.683939490811585,5485.733024816286,1452.0,4.411443263921952
497,498,12.946760622465547,3.0,10.7,3.8619699134035685,5498.679785438751,1455.0,4.410149517019937
498,499,11.300769890942124,2.0,10.7,2.9496515418875053,5509.980555329694,1457.0,4.407154088746203
499,500,10.98746224605483,2.0,10.7,3.0337608982731235,5520.9680175757485,1459.0,4.404420853237271
500,501,12.336260683482301,3.0,10.6,4.053092041654709,5533.304278259231,1462.0,4.403637580966789
501,502,11.66864214265606,3.0,10.4,4.284988723513875,5544.972920401887,1465.0,4.403387900566519
502,503,11.912613075315448,3.0,10.25,4.197231932564551,5556.885533477202,1468.0,4.402945952236797
503,504,9.052823135579619,2.0,10.149999999999999,3.682092628356549,5565.938356612782,1470.0,4.401773507047923
504,505,13.168642013103021,3.0,10.0,3.7968987197198585,5579.106998625884,1473.0,4.400345791189626
505,506,11.55191239730539,3.0,9.8,4.328287670504067,5590.65891102319,1476.0,4.4001968983469535
506,507,12.859732703834327,3.0,9.6,3.8881056979583817,5603.518643727024,1479.0,4.399021680349891
507,508,13.166059396889576,3.0,9.3,3.797643508414695,5616.684703123914,1482.0,4.397611990977923
508,509,13.046646747250053,3.0,8.8,3.832402376537013,5629.731349871164,1485.0,4.396302143363626
509,510,11.926249779701827,3.0,8.25,4.192432736491795,5641.657599650865,1488.0,4.395871171184644
510,511,12.776322271267512,3.0,7.7,3.913489260711925,5654.433921922133,1491.0,4.394781218267848
511,512,13.613600033006549,3.0,7.15,3.67279778154005,5668.047521955139,1494.0,4.393047147814134
512,513,10.293353353723417,2.0,6.7,3.2383356703941057,5678.340875308862,1496.0,4.390953956595136
513,514,9.890860688517948,2.0,6.3,3.370114531289391,5688.23173599738,1498.0,4.389178891687504
514,515,9.65415852432163,2.0,5.949999999999999,3.452743524912812,5697.885894521702,1500.0,4.387592251371081
515,516,13.687041831063123,3.0,5.65,3.653090318356711,5711.572936352764,1503.0,4.38583211300041
516,517,11.651709273384615,3.0,5.4,4.291215891750094,5723.224645626149,1506.0,4.385639487204497
517,518,9.2463634391209,3.0,5.15,5.407531331555983,5732.47100906527,1509.0,4.387287778730682
